mat3x3:
[    1.000    0.000    0.000 ]
[    0.000    1.000    0.000 ]
[    0.000    0.000    1.000 ]
mat3x3:
[    1.000    0.000    0.000 ]
[    0.000    1.000    0.000 ]
[    0.000    0.000    1.000 ]
mat3x3:
[    1.000    0.000    0.000 ]
[    0.000    1.000    0.000 ]
[    0.000    0.000    1.000 ]
mat3x3:
[    1.000    0.000    0.000 ]
[    0.000    1.000    0.000 ]
[    0.000    0.000    1.000 ]
mat3x3:
[    1.000    0.000    0.000 ]
[    0.000    1.000    0.000 ]
[    0.000    0.000    1.000 ]
mat3x3:
[    1.000    0.000    0.000 ]
[    0.000    1.000    0.000 ]
[    0.000    0.000    1.000 ]
mat3x3:
[    1.000    0.000    0.000 ]
[    0.000    1.000    0.000 ]
[    0.000    0.000    1.000 ]
mat3x3:
[    1.000    0.000    0.000 ]
[    0.000    1.000    0.000 ]
[    0.000    0.000    1.000 ]
mat3x3:
[    1.000    0.000    0.000 ]
[    0.000    1.000    0.000 ]
[    0.000    0.000    1.000 ]
mat3x3:
[    1.000    0.000    0.000 ]
[    0.000    1.000    0.000 ]
[    0.000    0.000    1.000 ]
mat3x3:
[    1.000    0.000    0.000 ]
[    0.000    1.000    0.000 ]
[    0.000    0.000    1.000 ]
mat3x3:
[    1.000    0.000    0.000 ]
[    0.000    1.000    0.000 ]
[    0.000    0.000    1.000 ]
mat3x3:
[    1.000    0.000    0.000 ]
[    0.000    1.000    0.000 ]
[    0.000    0.000    1.000 ]
mat3x3:
[    1.000    0.000    0.000 ]
[    0.000    1.000    0.000 ]
[    0.000    0.000    1.000 ]
mat3x3:
[    1.000    0.000    0.000 ]
[    0.000    1.000    0.000 ]
[    0.000    0.000    1.000 ]
mat3x3:
[    1.000    0.000    0.000 ]
[    0.000    1.000    0.000 ]
[    0.000    0.000    1.000 ]
mat3x3:
[    1.000    0.000    0.000 ]
[    0.000    1.000    0.000 ]
[    0.000    0.000    1.000 ]
mat3x3:
[    1.000    0.000    0.000 ]
[    0.000    1.000    0.000 ]
[    0.000    0.000    1.000 ]
mat3x3:
[    1.000    0.000    0.000 ]
[    0.000    1.000    0.000 ]
[    0.000    0.000    1.000 ]
mat3x3:
[    1.000    0.000    0.000 ]
[    0.000    1.000    0.000 ]
[    0.000    0.000    1.000 ]
mat3x3:
[    1.000    0.000    0.000 ]
[    0.000    1.000    0.000 ]
[    0.000    0.000    1.000 ]
mat3x3:
[    1.000    0.000    0.000 ]
[    0.000    1.000    0.000 ]
[    0.000    0.000    1.000 ]
mat3x3:
[    1.000    0.000    0.000 ]
[    0.000    1.000    0.000 ]
[    0.000    0.000    1.000 ]
mat3x3:
[    1.000    0.000    0.000 ]
[    0.000    1.000    0.000 ]
[    0.000    0.000    1.000 ]
mat3x3:
[    1.000    0.000    0.000 ]
[    0.000    1.000    0.000 ]
[    0.000    0.000    1.000 ]
mat3x3:
[    1.000    0.000    0.000 ]
[    0.000    1.000    0.000 ]
[    0.000    0.000    1.000 ]
mat3x3:
[    1.000    0.000    0.000 ]
[    0.000    1.000    0.000 ]
[    0.000    0.000    1.000 ]
mat3x3:
[    1.000    0.000    0.000 ]
[    0.000    1.000    0.000 ]
[    0.000    0.000    1.000 ]
mat3x3:
[    1.000    0.000    0.000 ]
[    0.000    1.000    0.000 ]
[    0.000    0.000    1.000 ]
mat3x3:
[    1.000    0.000    0.000 ]
[    0.000    1.000    0.000 ]
[    0.000    0.000    1.000 ]
